  [[ 1. -0.  0.  0.]
 [ 0.  1.  0.  0.]
 [ 0.  0.  1.  0.]
 [ 0.  0.  0.  1.]]
  [[ 0.6234898  -0.78183148  0.          0.        ]
 [ 0.78183148  0.6234898   0.          0.        ]
 [ 0.          0.          1.          0.        ]
 [ 0.          0.          0.          1.        ]]
  [[-0.22252093 -0.97492791  0.          0.        ]
 [ 0.97492791 -0.22252093  0.          0.        ]
 [ 0.          0.          1.          0.        ]
 [ 0.          0.          0.          1.        ]]
  [[-0.90096887 -0.43388374  0.          0.        ]
 [ 0.43388374 -0.90096887  0.          0.        ]
 [ 0.          0.          1.          0.        ]
 [ 0.          0.          0.          1.        ]]
  [[-0.90096887  0.43388374  0.          0.        ]
 [-0.43388374 -0.90096887  0.          0.        ]
 [ 0.          0.          1.          0.        ]
 [ 0.          0.          0.          1.        ]]
  [[-0.22252093  0.97492791  0.          0.        ]
 [-0.97492791 -0.22252093  0.          0.        ]
 [ 0.          0.          1.          0.        ]
 [ 0.          0.          0.          1.        ]]
  [[ 0.6234898   0.78183148  0.          0.        ]
 [-0.78183148  0.6234898   0.          0.        ]
 [ 0.          0.          1.          0.        ]
 [ 0.          0.          0.          1.        ]]

