Symmetry matrix 0:
  [[1. 0. 0. 0.]
 [0. 1. 0. 0.]
 [0. 0. 1. 0.]
 [0. 0. 0. 1.]]
Symmetry matrix 1:
  [[ 0.6234898  -0.78183148  0.          0.        ]
 [ 0.78183148  0.6234898   0.          0.        ]
 [ 0.          0.          1.          0.        ]
 [ 0.          0.          0.          1.        ]]
Symmetry matrix 2:
  [[-0.22252093 -0.97492791  0.          0.        ]
 [ 0.97492791 -0.22252093  0.          0.        ]
 [ 0.          0.          1.          0.        ]
 [ 0.          0.          0.          1.        ]]
Symmetry matrix 3:
  [[-0.90096887 -0.43388374  0.          0.        ]
 [ 0.43388374 -0.90096887  0.          0.        ]
 [ 0.          0.          1.          0.        ]
 [ 0.          0.          0.          1.        ]]
Symmetry matrix 4:
  [[-0.90096887  0.43388374  0.          0.        ]
 [-0.43388374 -0.90096887  0.          0.        ]
 [ 0.          0.          1.          0.        ]
 [ 0.          0.          0.          1.        ]]
Symmetry matrix 5:
  [[-0.22252093  0.97492791  0.          0.        ]
 [-0.97492791 -0.22252093  0.          0.        ]
 [ 0.          0.          1.          0.        ]
 [ 0.          0.          0.          1.        ]]
Symmetry matrix 6:
  [[ 0.6234898   0.78183148  0.          0.        ]
 [-0.78183148  0.6234898   0.          0.        ]
 [ 0.          0.          1.          0.        ]
 [ 0.          0.          0.          1.        ]]
Symmetry matrix 7:
  [[-1.  0.  0.  0.]
 [ 0.  1.  0.  0.]
 [ 0.  0. -1.  0.]
 [ 0.  0.  0.  1.]]
Symmetry matrix 8:
  [[-0.6234898   0.78183148  0.          0.        ]
 [ 0.78183148  0.6234898   0.          0.        ]
 [ 0.          0.         -1.          0.        ]
 [ 0.          0.          0.          1.        ]]
Symmetry matrix 9:
  [[ 0.22252093  0.97492791  0.          0.        ]
 [ 0.97492791 -0.22252093  0.          0.        ]
 [ 0.          0.         -1.          0.        ]
 [ 0.          0.          0.          1.        ]]
Symmetry matrix 10:
  [[ 0.90096887  0.43388374  0.          0.        ]
 [ 0.43388374 -0.90096887  0.          0.        ]
 [ 0.          0.         -1.          0.        ]
 [ 0.          0.          0.          1.        ]]
Symmetry matrix 11:
  [[ 0.90096887 -0.43388374  0.          0.        ]
 [-0.43388374 -0.90096887  0.          0.        ]
 [ 0.          0.         -1.          0.        ]
 [ 0.          0.          0.          1.        ]]
Symmetry matrix 12:
  [[ 0.22252093 -0.97492791  0.          0.        ]
 [-0.97492791 -0.22252093  0.          0.        ]
 [ 0.          0.         -1.          0.        ]
 [ 0.          0.          0.          1.        ]]
Symmetry matrix 13:
  [[-0.6234898  -0.78183148  0.          0.        ]
 [-0.78183148  0.6234898   0.          0.        ]
 [ 0.          0.         -1.          0.        ]
 [ 0.          0.          0.          1.        ]]

