matrix 0
[[1. 0. 0. 0.]
 [0. 1. 0. 0.]
 [0. 0. 1. 0.]]
matrix 1
[[-0.80901699 -0.26286556  0.52573111  0.        ]
 [-0.26286556 -0.6381966  -0.7236068   0.        ]
 [ 0.52573111 -0.7236068   0.4472136   0.        ]]
matrix 2
[[ 0.          0.85065081 -0.52573111  0.        ]
 [-0.52573111 -0.4472136  -0.7236068   0.        ]
 [-0.85065081  0.2763932   0.4472136   0.        ]]
matrix 3
[[ 0.80901699 -0.58778525  0.          0.        ]
 [-0.26286556 -0.3618034  -0.89442719  0.        ]
 [ 0.52573111  0.7236068  -0.4472136   0.        ]]
matrix 4
[[ 0.5        -0.16245985 -0.85065081  0.        ]
 [-0.68819096 -0.67082039 -0.2763932   0.        ]
 [-0.52573111  0.7236068  -0.4472136   0.        ]]
matrix 5
[[-3.09016994e-01 -9.51056516e-01 -5.55111512e-17  0.00000000e+00]
 [-4.25325404e-01  1.38196601e-01 -8.94427191e-01  0.00000000e+00]
 [ 8.50650808e-01 -2.76393202e-01 -4.47213595e-01  0.00000000e+00]]
matrix 6
[[-0.80901699  0.26286556 -0.52573111  0.        ]
 [ 0.26286556 -0.6381966  -0.7236068   0.        ]
 [-0.52573111 -0.7236068   0.4472136   0.        ]]
matrix 7
[[-8.09016994e-01 -5.87785252e-01  0.00000000e+00  0.00000000e+00]
 [ 5.87785252e-01 -8.09016994e-01  5.55111512e-17  0.00000000e+00]
 [ 0.00000000e+00  0.00000000e+00  1.00000000e+00  0.00000000e+00]]
matrix 8
[[-3.09016994e-01  4.25325404e-01 -8.50650808e-01  0.00000000e+00]
 [-9.51056516e-01 -1.38196601e-01  2.76393202e-01  0.00000000e+00]
 [-5.55111512e-17  8.94427191e-01  4.47213595e-01  0.00000000e+00]]
matrix 9
[[ 0.5        -0.68819096 -0.52573111  0.        ]
 [ 0.16245985  0.67082039 -0.7236068   0.        ]
 [ 0.85065081  0.2763932   0.4472136   0.        ]]
matrix 10
[[ 0.         -0.52573111 -0.85065081  0.        ]
 [-0.85065081  0.4472136  -0.2763932   0.        ]
 [ 0.52573111  0.7236068  -0.4472136   0.        ]]
matrix 11
[[-0.5        -0.68819096 -0.52573111  0.        ]
 [ 0.68819096  0.0527864  -0.7236068   0.        ]
 [ 0.52573111 -0.7236068   0.4472136   0.        ]]
matrix 12
[[-0.5        -0.16245985 -0.85065081  0.        ]
 [-0.16245985 -0.9472136   0.2763932   0.        ]
 [-0.85065081  0.2763932   0.4472136   0.        ]]
matrix 13
[[-3.09016994e-01 -9.51056516e-01 -5.55111512e-17  0.00000000e+00]
 [ 4.25325404e-01 -1.38196601e-01  8.94427191e-01  0.00000000e+00]
 [-8.50650808e-01  2.76393202e-01  4.47213595e-01  0.00000000e+00]]
matrix 14
[[-0.80901699  0.26286556 -0.52573111  0.        ]
 [-0.26286556  0.6381966   0.7236068   0.        ]
 [ 0.52573111  0.7236068  -0.4472136   0.        ]]
matrix 15
[[ 0.5        -0.16245985 -0.85065081  0.        ]
 [ 0.68819096  0.67082039  0.2763932   0.        ]
 [ 0.52573111 -0.7236068   0.4472136   0.        ]]
matrix 16
[[-0.5        -0.16245985 -0.85065081  0.        ]
 [ 0.16245985  0.9472136  -0.2763932   0.        ]
 [ 0.85065081 -0.2763932  -0.4472136   0.        ]]
matrix 17
[[ 0.         -0.52573111 -0.85065081  0.        ]
 [ 0.85065081 -0.4472136   0.2763932   0.        ]
 [-0.52573111 -0.7236068   0.4472136   0.        ]]
matrix 18
[[-0.5        -0.68819096 -0.52573111  0.        ]
 [-0.68819096 -0.0527864   0.7236068   0.        ]
 [-0.52573111  0.7236068  -0.4472136   0.        ]]
matrix 19
[[ 0.         -0.85065081  0.52573111  0.        ]
 [-0.52573111  0.4472136   0.7236068   0.        ]
 [-0.85065081 -0.2763932  -0.4472136   0.        ]]
matrix 20
[[-8.09016994e-01  5.87785252e-01  0.00000000e+00  0.00000000e+00]
 [ 5.87785252e-01  8.09016994e-01 -5.55111512e-17  0.00000000e+00]
 [ 0.00000000e+00  0.00000000e+00 -1.00000000e+00  0.00000000e+00]]
matrix 21
[[ 0.80901699  0.26286556 -0.52573111  0.        ]
 [ 0.58778525 -0.3618034   0.7236068   0.        ]
 [ 0.         -0.89442719 -0.4472136   0.        ]]
matrix 22
[[-3.09016994e-01  4.25325404e-01 -8.50650808e-01  0.00000000e+00]
 [ 9.51056516e-01  1.38196601e-01 -2.76393202e-01  0.00000000e+00]
 [ 5.55111512e-17 -8.94427191e-01 -4.47213595e-01  0.00000000e+00]]
matrix 23
[[ 0.5        -0.68819096 -0.52573111  0.        ]
 [-0.16245985 -0.67082039  0.7236068   0.        ]
 [-0.85065081 -0.2763932  -0.4472136   0.        ]]
matrix 24
[[-8.09016994e-01 -5.87785252e-01  0.00000000e+00  0.00000000e+00]
 [-5.87785252e-01  8.09016994e-01 -5.55111512e-17  0.00000000e+00]
 [ 0.00000000e+00  0.00000000e+00 -1.00000000e+00  0.00000000e+00]]
matrix 25
[[-3.09016994e-01 -4.25325404e-01  8.50650808e-01  0.00000000e+00]
 [-9.51056516e-01  1.38196601e-01 -2.76393202e-01  0.00000000e+00]
 [-5.55111512e-17 -8.94427191e-01 -4.47213595e-01  0.00000000e+00]]
matrix 26
[[-3.09016994e-01  9.51056516e-01  5.55111512e-17  0.00000000e+00]
 [ 4.25325404e-01  1.38196601e-01 -8.94427191e-01  0.00000000e+00]
 [-8.50650808e-01 -2.76393202e-01 -4.47213595e-01  0.00000000e+00]]
matrix 27
[[ 1.  0.  0.  0.]
 [ 0. -1.  0.  0.]
 [ 0.  0. -1.  0.]]
matrix 28
[[ 0.30901699  0.4253254  -0.85065081  0.        ]
 [ 0.4253254  -0.8618034  -0.2763932   0.        ]
 [-0.85065081 -0.2763932  -0.4472136   0.        ]]
matrix 29
[[ 3.09016994e-01 -9.51056516e-01 -5.55111512e-17  0.00000000e+00]
 [-9.51056516e-01 -3.09016994e-01  0.00000000e+00  0.00000000e+00]
 [-5.55111512e-17  2.77555756e-17 -1.00000000e+00  0.00000000e+00]]
matrix 30
[[-1.          0.          0.          0.        ]
 [ 0.          0.4472136  -0.89442719  0.        ]
 [ 0.         -0.89442719 -0.4472136   0.        ]]
matrix 31
[[ 0.80901699  0.26286556 -0.52573111  0.        ]
 [-0.58778525  0.3618034  -0.7236068   0.        ]
 [ 0.          0.89442719  0.4472136   0.        ]]
matrix 32
[[ 0.         -0.85065081  0.52573111  0.        ]
 [ 0.52573111 -0.4472136  -0.7236068   0.        ]
 [ 0.85065081  0.2763932   0.4472136   0.        ]]
matrix 33
[[-8.09016994e-01  5.87785252e-01  0.00000000e+00  0.00000000e+00]
 [-5.87785252e-01 -8.09016994e-01  5.55111512e-17  0.00000000e+00]
 [ 0.00000000e+00  0.00000000e+00  1.00000000e+00  0.00000000e+00]]
matrix 34
[[-0.5         0.16245985  0.85065081  0.        ]
 [ 0.16245985 -0.9472136   0.2763932   0.        ]
 [ 0.85065081  0.2763932   0.4472136   0.        ]]
matrix 35
[[ 3.09016994e-01  9.51056516e-01  5.55111512e-17  0.00000000e+00]
 [-9.51056516e-01  3.09016994e-01  0.00000000e+00  0.00000000e+00]
 [-5.55111512e-17 -2.77555756e-17  1.00000000e+00  0.00000000e+00]]
matrix 36
[[ 0.80901699 -0.26286556  0.52573111  0.        ]
 [ 0.58778525  0.3618034  -0.7236068   0.        ]
 [ 0.          0.89442719  0.4472136   0.        ]]
matrix 37
[[ 0.80901699  0.58778525  0.          0.        ]
 [ 0.26286556 -0.3618034  -0.89442719  0.        ]
 [-0.52573111  0.7236068  -0.4472136   0.        ]]
matrix 38
[[ 0.30901699 -0.4253254   0.85065081  0.        ]
 [-0.4253254  -0.8618034  -0.2763932   0.        ]
 [ 0.85065081 -0.2763932  -0.4472136   0.        ]]
matrix 39
[[-0.5         0.68819096  0.52573111  0.        ]
 [-0.68819096  0.0527864  -0.7236068   0.        ]
 [-0.52573111 -0.7236068   0.4472136   0.        ]]
matrix 40
[[ 0.          0.52573111  0.85065081  0.        ]
 [-0.85065081 -0.4472136   0.2763932   0.        ]
 [ 0.52573111 -0.7236068   0.4472136   0.        ]]
matrix 41
[[ 0.5         0.68819096  0.52573111  0.        ]
 [-0.16245985  0.67082039 -0.7236068   0.        ]
 [-0.85065081  0.2763932   0.4472136   0.        ]]
matrix 42
[[ 0.5         0.16245985  0.85065081  0.        ]
 [ 0.68819096 -0.67082039 -0.2763932   0.        ]
 [ 0.52573111  0.7236068  -0.4472136   0.        ]]
matrix 43
[[ 3.09016994e-01  9.51056516e-01  5.55111512e-17  0.00000000e+00]
 [ 9.51056516e-01 -3.09016994e-01  0.00000000e+00  0.00000000e+00]
 [ 5.55111512e-17  2.77555756e-17 -1.00000000e+00  0.00000000e+00]]
matrix 44
[[ 0.80901699 -0.26286556  0.52573111  0.        ]
 [-0.58778525 -0.3618034   0.7236068   0.        ]
 [ 0.         -0.89442719 -0.4472136   0.        ]]
matrix 45
[[-0.5         0.16245985  0.85065081  0.        ]
 [-0.16245985  0.9472136  -0.2763932   0.        ]
 [-0.85065081 -0.2763932  -0.4472136   0.        ]]
matrix 46
[[ 0.5         0.16245985  0.85065081  0.        ]
 [-0.68819096  0.67082039  0.2763932   0.        ]
 [-0.52573111 -0.7236068   0.4472136   0.        ]]
matrix 47
[[ 0.          0.52573111  0.85065081  0.        ]
 [ 0.85065081  0.4472136  -0.2763932   0.        ]
 [-0.52573111  0.7236068  -0.4472136   0.        ]]
matrix 48
[[ 0.5         0.68819096  0.52573111  0.        ]
 [ 0.16245985 -0.67082039  0.7236068   0.        ]
 [ 0.85065081 -0.2763932  -0.4472136   0.        ]]
matrix 49
[[ 0.          0.85065081 -0.52573111  0.        ]
 [ 0.52573111  0.4472136   0.7236068   0.        ]
 [ 0.85065081 -0.2763932  -0.4472136   0.        ]]
matrix 50
[[ 0.80901699 -0.58778525  0.          0.        ]
 [ 0.26286556  0.3618034   0.89442719  0.        ]
 [-0.52573111 -0.7236068   0.4472136   0.        ]]
matrix 51
[[-0.80901699 -0.26286556  0.52573111  0.        ]
 [ 0.26286556  0.6381966   0.7236068   0.        ]
 [-0.52573111  0.7236068  -0.4472136   0.        ]]
matrix 52
[[ 0.30901699 -0.4253254   0.85065081  0.        ]
 [ 0.4253254   0.8618034   0.2763932   0.        ]
 [-0.85065081  0.2763932   0.4472136   0.        ]]
matrix 53
[[-0.5         0.68819096  0.52573111  0.        ]
 [ 0.68819096 -0.0527864   0.7236068   0.        ]
 [ 0.52573111  0.7236068  -0.4472136   0.        ]]
matrix 54
[[ 0.80901699  0.58778525  0.          0.        ]
 [-0.26286556  0.3618034   0.89442719  0.        ]
 [ 0.52573111 -0.7236068   0.4472136   0.        ]]
matrix 55
[[ 0.30901699  0.4253254  -0.85065081  0.        ]
 [-0.4253254   0.8618034   0.2763932   0.        ]
 [ 0.85065081  0.2763932   0.4472136   0.        ]]
matrix 56
[[ 3.09016994e-01 -9.51056516e-01 -5.55111512e-17  0.00000000e+00]
 [ 9.51056516e-01  3.09016994e-01  0.00000000e+00  0.00000000e+00]
 [ 5.55111512e-17 -2.77555756e-17  1.00000000e+00  0.00000000e+00]]
matrix 57
[[-1.          0.          0.          0.        ]
 [ 0.         -0.4472136   0.89442719  0.        ]
 [ 0.          0.89442719  0.4472136   0.        ]]
matrix 58
[[-3.09016994e-01 -4.25325404e-01  8.50650808e-01  0.00000000e+00]
 [ 9.51056516e-01 -1.38196601e-01  2.76393202e-01  0.00000000e+00]
 [ 5.55111512e-17  8.94427191e-01  4.47213595e-01  0.00000000e+00]]
matrix 59
[[-3.09016994e-01  9.51056516e-01  5.55111512e-17  0.00000000e+00]
 [-4.25325404e-01 -1.38196601e-01  8.94427191e-01  0.00000000e+00]
 [ 8.50650808e-01  2.76393202e-01  4.47213595e-01  0.00000000e+00]]

