plane1 =  [-1.0, 1.1775693440128312e-16, 0.0]
plane2 = [0.5, 0.28867513459481275, 0.816496580927726]
plane3 = [0.5000000000000001, 0.8660254037844387, 0.0]
