Symmetry matrix 0:
  [[ 1.00000000e+00  6.40987562e-17 -4.53246652e-17  0.00000000e+00]
 [ 5.55111512e-17  1.00000000e+00 -5.55111512e-17  0.00000000e+00]
 [ 0.00000000e+00 -5.55111512e-17  1.00000000e+00  0.00000000e+00]
 [ 0.00000000e+00  0.00000000e+00  0.00000000e+00  1.00000000e+00]]
Symmetry matrix 1:
  [[ 2.22044605e-16  5.77350269e-01  8.16496581e-01  0.00000000e+00]
 [ 5.77350269e-01 -6.66666667e-01  4.71404521e-01  0.00000000e+00]
 [ 8.16496581e-01  4.71404521e-01 -3.33333333e-01  0.00000000e+00]
 [ 0.00000000e+00  0.00000000e+00  0.00000000e+00  1.00000000e+00]]
Symmetry matrix 2:
  [[-2.22044605e-16 -5.77350269e-01 -8.16496581e-01  0.00000000e+00]
 [-5.77350269e-01 -6.66666667e-01  4.71404521e-01  0.00000000e+00]
 [-8.16496581e-01  4.71404521e-01 -3.33333333e-01  0.00000000e+00]
 [ 0.00000000e+00  0.00000000e+00  0.00000000e+00  1.00000000e+00]]
Symmetry matrix 3:
  [[-1.00000000e+00  8.58760498e-18 -1.56346968e-16  0.00000000e+00]
 [ 5.55111512e-17  3.33333333e-01 -9.42809042e-01  0.00000000e+00]
 [ 1.66533454e-16 -9.42809042e-01 -3.33333333e-01  0.00000000e+00]
 [ 0.00000000e+00  0.00000000e+00  0.00000000e+00  1.00000000e+00]]
Symmetry matrix 4:
  [[-5.00000000e-01 -8.66025404e-01  1.21208789e-16  0.00000000e+00]
 [ 8.66025404e-01 -5.00000000e-01 -5.55111512e-17  0.00000000e+00]
 [ 0.00000000e+00  1.38777878e-16  1.00000000e+00  0.00000000e+00]
 [ 0.00000000e+00  0.00000000e+00  0.00000000e+00  1.00000000e+00]]
Symmetry matrix 5:
  [[-5.00000000e-01  8.66025404e-01  1.01864860e-17  0.00000000e+00]
 [-8.66025404e-01 -5.00000000e-01  5.55111512e-17  0.00000000e+00]
 [ 1.66533454e-16  0.00000000e+00  1.00000000e+00  0.00000000e+00]
 [ 0.00000000e+00  0.00000000e+00  0.00000000e+00  1.00000000e+00]]
Symmetry matrix 6:
  [[-0.5         0.28867513 -0.81649658  0.        ]
 [-0.28867513  0.83333333  0.47140452  0.        ]
 [ 0.81649658  0.47140452 -0.33333333  0.        ]
 [ 0.          0.          0.          1.        ]]
Symmetry matrix 7:
  [[-0.5        -0.28867513  0.81649658  0.        ]
 [ 0.28867513  0.83333333  0.47140452  0.        ]
 [-0.81649658  0.47140452 -0.33333333  0.        ]
 [ 0.          0.          0.          1.        ]]
Symmetry matrix 8:
  [[ 5.00000000e-01 -2.88675135e-01  8.16496581e-01  0.00000000e+00]
 [-8.66025404e-01 -1.66666667e-01  4.71404521e-01  0.00000000e+00]
 [-5.55111512e-17 -9.42809042e-01 -3.33333333e-01  0.00000000e+00]
 [ 0.00000000e+00  0.00000000e+00  0.00000000e+00  1.00000000e+00]]
Symmetry matrix 9:
  [[ 5.00000000e-01 -8.66025404e-01  2.32231091e-16  0.00000000e+00]
 [-2.88675135e-01 -1.66666667e-01 -9.42809042e-01  0.00000000e+00]
 [ 8.16496581e-01  4.71404521e-01 -3.33333333e-01  0.00000000e+00]
 [ 0.00000000e+00  0.00000000e+00  0.00000000e+00  1.00000000e+00]]
Symmetry matrix 10:
  [[ 5.00000000e-01  8.66025404e-01 -1.56346968e-16  0.00000000e+00]
 [ 2.88675135e-01 -1.66666667e-01 -9.42809042e-01  0.00000000e+00]
 [-8.16496581e-01  4.71404521e-01 -3.33333333e-01  0.00000000e+00]
 [ 0.00000000e+00  0.00000000e+00  0.00000000e+00  1.00000000e+00]]
Symmetry matrix 11:
  [[ 5.00000000e-01  2.88675135e-01 -8.16496581e-01  0.00000000e+00]
 [ 8.66025404e-01 -1.66666667e-01  4.71404521e-01  0.00000000e+00]
 [-5.55111512e-16 -9.42809042e-01 -3.33333333e-01  0.00000000e+00]
 [ 0.00000000e+00  0.00000000e+00  0.00000000e+00  1.00000000e+00]]

