matrix 0
[[1. 0. 0. 0.]
 [0. 1. 0. 0.]
 [0. 0. 1. 0.]]
matrix 1
[[ 0.30901699  0.5        -0.80901699  0.        ]
 [ 0.5        -0.80901699 -0.30901699  0.        ]
 [-0.80901699 -0.30901699 -0.5         0.        ]]
matrix 2
[[ 0.  0. -1.  0.]
 [-1.  0.  0.  0.]
 [ 0.  1.  0.  0.]]
matrix 3
[[-0.30901699  0.5        -0.80901699  0.        ]
 [ 0.5         0.80901699  0.30901699  0.        ]
 [ 0.80901699 -0.30901699 -0.5         0.        ]]
matrix 4
[[-0.80901699  0.30901699 -0.5         0.        ]
 [-0.30901699  0.5         0.80901699  0.        ]
 [ 0.5         0.80901699 -0.30901699  0.        ]]
matrix 5
[[ 0.5         0.80901699 -0.30901699  0.        ]
 [ 0.80901699 -0.30901699  0.5         0.        ]
 [ 0.30901699 -0.5        -0.80901699  0.        ]]
matrix 6
[[ 0.30901699 -0.5        -0.80901699  0.        ]
 [-0.5        -0.80901699  0.30901699  0.        ]
 [-0.80901699  0.30901699 -0.5         0.        ]]
matrix 7
[[-0.30901699 -0.5        -0.80901699  0.        ]
 [ 0.5        -0.80901699  0.30901699  0.        ]
 [-0.80901699 -0.30901699  0.5         0.        ]]
matrix 8
[[-0.5         0.80901699 -0.30901699  0.        ]
 [-0.80901699 -0.30901699  0.5         0.        ]
 [ 0.30901699  0.5         0.80901699  0.        ]]
matrix 9
[[ 0.80901699  0.30901699 -0.5         0.        ]
 [ 0.30901699  0.5         0.80901699  0.        ]
 [ 0.5        -0.80901699  0.30901699  0.        ]]
matrix 10
[[0. 1. 0. 0.]
 [0. 0. 1. 0.]
 [1. 0. 0. 0.]]
matrix 11
[[ 0.80901699 -0.30901699 -0.5         0.        ]
 [ 0.30901699 -0.5         0.80901699  0.        ]
 [-0.5        -0.80901699 -0.30901699  0.        ]]
matrix 12
[[-0.80901699 -0.30901699 -0.5         0.        ]
 [-0.30901699 -0.5         0.80901699  0.        ]
 [-0.5         0.80901699  0.30901699  0.        ]]
matrix 13
[[-0.5        -0.80901699  0.30901699  0.        ]
 [ 0.80901699 -0.30901699  0.5         0.        ]
 [-0.30901699  0.5         0.80901699  0.        ]]
matrix 14
[[-0.30901699  0.5         0.80901699  0.        ]
 [-0.5        -0.80901699  0.30901699  0.        ]
 [ 0.80901699 -0.30901699  0.5         0.        ]]
matrix 15
[[ 0.80901699 -0.30901699  0.5         0.        ]
 [-0.30901699  0.5         0.80901699  0.        ]
 [-0.5        -0.80901699  0.30901699  0.        ]]
matrix 16
[[ 0.80901699  0.30901699  0.5         0.        ]
 [-0.30901699 -0.5         0.80901699  0.        ]
 [ 0.5        -0.80901699 -0.30901699  0.        ]]
matrix 17
[[ 0. -1.  0.  0.]
 [ 0.  0.  1.  0.]
 [-1.  0.  0.  0.]]
matrix 18
[[-0.80901699  0.30901699  0.5         0.        ]
 [ 0.30901699 -0.5         0.80901699  0.        ]
 [ 0.5         0.80901699  0.30901699  0.        ]]
matrix 19
[[0. 0. 1. 0.]
 [1. 0. 0. 0.]
 [0. 1. 0. 0.]]
matrix 20
[[ 0.30901699 -0.5         0.80901699  0.        ]
 [-0.5        -0.80901699 -0.30901699  0.        ]
 [ 0.80901699 -0.30901699 -0.5         0.        ]]
matrix 21
[[-0.30901699 -0.5         0.80901699  0.        ]
 [-0.5         0.80901699  0.30901699  0.        ]
 [-0.80901699 -0.30901699 -0.5         0.        ]]
matrix 22
[[ 0.5        -0.80901699  0.30901699  0.        ]
 [-0.80901699 -0.30901699  0.5         0.        ]
 [-0.30901699 -0.5        -0.80901699  0.        ]]
matrix 23
[[-0.80901699 -0.30901699  0.5         0.        ]
 [ 0.30901699  0.5         0.80901699  0.        ]
 [-0.5         0.80901699 -0.30901699  0.        ]]
matrix 24
[[ 0.30901699  0.5         0.80901699  0.        ]
 [ 0.5        -0.80901699  0.30901699  0.        ]
 [ 0.80901699  0.30901699 -0.5         0.        ]]
matrix 25
[[ 0.5         0.80901699  0.30901699  0.        ]
 [ 0.80901699 -0.30901699 -0.5         0.        ]
 [-0.30901699  0.5        -0.80901699  0.        ]]
matrix 26
[[ 0.5        -0.80901699 -0.30901699  0.        ]
 [-0.80901699 -0.30901699 -0.5         0.        ]
 [ 0.30901699  0.5        -0.80901699  0.        ]]
matrix 27
[[-1.  0.  0.  0.]
 [ 0.  1.  0.  0.]
 [ 0.  0. -1.  0.]]
matrix 28
[[-0.5        -0.80901699 -0.30901699  0.        ]
 [-0.80901699  0.30901699  0.5         0.        ]
 [-0.30901699  0.5        -0.80901699  0.        ]]
matrix 29
[[-0.5         0.80901699  0.30901699  0.        ]
 [ 0.80901699  0.30901699  0.5         0.        ]
 [ 0.30901699  0.5        -0.80901699  0.        ]]
matrix 30
[[ 1.  0.  0.  0.]
 [ 0. -1.  0.  0.]
 [ 0.  0. -1.  0.]]
matrix 31
[[ 0.30901699  0.5        -0.80901699  0.        ]
 [-0.5         0.80901699  0.30901699  0.        ]
 [ 0.80901699  0.30901699  0.5         0.        ]]
matrix 32
[[ 0.  0. -1.  0.]
 [ 1.  0.  0.  0.]
 [ 0. -1.  0.  0.]]
matrix 33
[[-0.30901699  0.5        -0.80901699  0.        ]
 [-0.5        -0.80901699 -0.30901699  0.        ]
 [-0.80901699  0.30901699  0.5         0.        ]]
matrix 34
[[-0.80901699  0.30901699 -0.5         0.        ]
 [ 0.30901699 -0.5        -0.80901699  0.        ]
 [-0.5        -0.80901699  0.30901699  0.        ]]
matrix 35
[[ 0.5         0.80901699 -0.30901699  0.        ]
 [-0.80901699  0.30901699 -0.5         0.        ]
 [-0.30901699  0.5         0.80901699  0.        ]]
matrix 36
[[ 0.30901699 -0.5        -0.80901699  0.        ]
 [ 0.5         0.80901699 -0.30901699  0.        ]
 [ 0.80901699 -0.30901699  0.5         0.        ]]
matrix 37
[[-0.30901699 -0.5        -0.80901699  0.        ]
 [-0.5         0.80901699 -0.30901699  0.        ]
 [ 0.80901699  0.30901699 -0.5         0.        ]]
matrix 38
[[-0.5         0.80901699 -0.30901699  0.        ]
 [ 0.80901699  0.30901699 -0.5         0.        ]
 [-0.30901699 -0.5        -0.80901699  0.        ]]
matrix 39
[[ 0.80901699  0.30901699 -0.5         0.        ]
 [-0.30901699 -0.5        -0.80901699  0.        ]
 [-0.5         0.80901699 -0.30901699  0.        ]]
matrix 40
[[ 0.  1.  0.  0.]
 [ 0.  0. -1.  0.]
 [-1.  0.  0.  0.]]
matrix 41
[[ 0.80901699 -0.30901699 -0.5         0.        ]
 [-0.30901699  0.5        -0.80901699  0.        ]
 [ 0.5         0.80901699  0.30901699  0.        ]]
matrix 42
[[-0.80901699 -0.30901699 -0.5         0.        ]
 [ 0.30901699  0.5        -0.80901699  0.        ]
 [ 0.5        -0.80901699 -0.30901699  0.        ]]
matrix 43
[[-0.5        -0.80901699  0.30901699  0.        ]
 [-0.80901699  0.30901699 -0.5         0.        ]
 [ 0.30901699 -0.5        -0.80901699  0.        ]]
matrix 44
[[-0.30901699  0.5         0.80901699  0.        ]
 [ 0.5         0.80901699 -0.30901699  0.        ]
 [-0.80901699  0.30901699 -0.5         0.        ]]
matrix 45
[[ 0.80901699 -0.30901699  0.5         0.        ]
 [ 0.30901699 -0.5        -0.80901699  0.        ]
 [ 0.5         0.80901699 -0.30901699  0.        ]]
matrix 46
[[ 0.80901699  0.30901699  0.5         0.        ]
 [ 0.30901699  0.5        -0.80901699  0.        ]
 [-0.5         0.80901699  0.30901699  0.        ]]
matrix 47
[[ 0. -1.  0.  0.]
 [ 0.  0. -1.  0.]
 [ 1.  0.  0.  0.]]
matrix 48
[[-0.80901699  0.30901699  0.5         0.        ]
 [-0.30901699  0.5        -0.80901699  0.        ]
 [-0.5        -0.80901699 -0.30901699  0.        ]]
matrix 49
[[ 0.  0.  1.  0.]
 [-1.  0.  0.  0.]
 [ 0. -1.  0.  0.]]
matrix 50
[[ 0.30901699 -0.5         0.80901699  0.        ]
 [ 0.5         0.80901699  0.30901699  0.        ]
 [-0.80901699  0.30901699  0.5         0.        ]]
matrix 51
[[-0.30901699 -0.5         0.80901699  0.        ]
 [ 0.5        -0.80901699 -0.30901699  0.        ]
 [ 0.80901699  0.30901699  0.5         0.        ]]
matrix 52
[[ 0.5        -0.80901699  0.30901699  0.        ]
 [ 0.80901699  0.30901699 -0.5         0.        ]
 [ 0.30901699  0.5         0.80901699  0.        ]]
matrix 53
[[-0.80901699 -0.30901699  0.5         0.        ]
 [-0.30901699 -0.5        -0.80901699  0.        ]
 [ 0.5        -0.80901699  0.30901699  0.        ]]
matrix 54
[[ 0.30901699  0.5         0.80901699  0.        ]
 [-0.5         0.80901699 -0.30901699  0.        ]
 [-0.80901699 -0.30901699  0.5         0.        ]]
matrix 55
[[ 0.5         0.80901699  0.30901699  0.        ]
 [-0.80901699  0.30901699  0.5         0.        ]
 [ 0.30901699 -0.5         0.80901699  0.        ]]
matrix 56
[[ 0.5        -0.80901699 -0.30901699  0.        ]
 [ 0.80901699  0.30901699  0.5         0.        ]
 [-0.30901699 -0.5         0.80901699  0.        ]]
matrix 57
[[-1.  0.  0.  0.]
 [ 0. -1.  0.  0.]
 [ 0.  0.  1.  0.]]
matrix 58
[[-0.5        -0.80901699 -0.30901699  0.        ]
 [ 0.80901699 -0.30901699 -0.5         0.        ]
 [ 0.30901699 -0.5         0.80901699  0.        ]]
matrix 59
[[-0.5         0.80901699  0.30901699  0.        ]
 [-0.80901699 -0.30901699 -0.5         0.        ]
 [-0.30901699 -0.5         0.80901699  0.        ]]

